46
19125133
1
19125134
1
19125135
1
19125050
1
19125055
1
19125001
0
18125925
1
18125457
1
18125298
1
18125936
1
18125422
1
18125825
1
18125556
1
18125027
1
18125961
1
18125196
1
18125398
1
18125103
1
18125151
1
18125487
1
18125265
1
18125521
0
18125799
1
18125654
1
18125750
1
18125452
1
18125200
1
18125711
1
18125458
1
18125927
1
18125315
1
18125477
1
18125096
1
18125580
1
18125037
1
18125629
1
18125853
1
18125863
1
18125353
1
18125624
1
18125482
1
18125388
1
18125956
1
18125643
1
18125618
1
18125526
1
